number,label
1,93
2,42
3,58
4,41
5,27
6,60
7,7
8,98
9,96
10,35
11,27
12,97
13,73
14,47
15,96
16,47
17,95
18,18
19,11
20,50
21,36
22,27
23,12
24,31
25,32
26,48
27,63
28,76
29,72
30,42
31,21
32,92
33,16
34,65
35,65
36,20
37,97
38,61
39,64
40,6
41,37
42,16
43,43
44,90
45,85
46,82
47,50
48,74
49,90
50,18
51,71
52,88
53,74
54,76
55,97
56,50
57,63
58,41
59,73
60,78
61,97
62,11
63,75
64,10
65,33
66,23
67,77
68,51
69,1
70,6
71,35
72,4
73,32
74,20
75,50
76,7
77,40
78,24
79,31
80,42
81,60
82,21
83,0
84,10
85,79
86,68
87,19
88,50
89,21
90,77
91,79
92,73
93,3
94,22
95,18
96,17
97,27
98,21
99,97
100,6
101,79
102,66
103,30
104,6
105,81
106,39
107,61
108,69
109,18
110,83
111,13
112,12
113,39
114,42
115,60
116,71
117,55
118,96
119,28
120,4
121,10
122,11
123,68
124,74
125,65
126,10
127,94
128,17
129,88
130,93
131,42
132,16
133,96
134,94
135,81
136,79
137,57
138,1
139,63
140,67
141,9
142,57
143,19
144,91
145,97
146,7
147,2
148,7
149,63
150,82
151,0
152,42
153,66
154,72
155,8
156,59
157,27
158,4
159,74
160,59
161,0
162,63
163,79
164,97
165,58
166,18
167,73
168,12
169,36
170,44
171,48
172,46
173,3
174,38
175,21
176,39
177,44
178,67
179,32
180,27
181,4
182,4
183,40
184,17
185,22
186,20
187,6
188,1
189,18
190,26
191,71
192,67
193,82
194,23
195,34
196,43
197,60
198,34
199,97
200,76
201,54
202,28
203,83
204,93
205,38
206,61
207,55
208,0
209,15
210,55
211,18
212,64
213,70
214,7
215,12
216,35
217,14
218,90
219,97
220,36
221,95
222,62
223,34
224,3
225,2
226,24
227,12
228,67
229,7
230,97
231,96
232,39
233,46
234,5
235,57
236,16
237,7
238,88
239,31
240,35
241,71
242,80
243,11
244,62
245,68
246,57
247,55
248,24
249,86
250,39
251,90
252,32
253,33
254,56
255,51
256,99
257,50
258,18
259,97
260,12
261,75
262,97
263,97
264,96
265,37
266,3
267,42
268,96
269,48
270,44
271,2
272,55
273,61
274,73
275,53
276,78
277,80
278,4
279,23
280,4
281,91
282,51
283,51
284,60
285,55
286,4
287,8
288,67
289,71
290,94
291,92
292,66
293,11
294,94
295,1
296,97
297,50
298,95
299,51
300,51
301,87
302,46
303,7
304,42
305,88
306,25
307,73
308,31
309,37
310,50
311,80
312,97
313,12
314,18
315,81
316,46
317,71
318,96
319,70
320,0
321,30
322,33
323,46
324,21
325,10
326,63
327,71
328,18
329,71
330,36
331,53
332,33
333,24
334,70
335,97
336,66
337,74
338,59
339,6
340,52
341,13
342,6
343,66
344,83
345,7
346,12
347,28
348,78
349,9
350,79
351,40
352,86
353,27
354,77
355,51
356,31
357,60
358,42
359,90
360,24
361,37
362,42
363,90
364,83
365,83
366,19
367,79
368,34
369,50
370,67
371,30
372,42
373,70
374,63
375,9
376,10
377,83
378,0
379,45
380,4
381,85
382,97
383,97
384,33
385,67
386,90
387,79
388,87
389,97
390,67
391,90
392,85
393,21
394,92
395,95
396,4
397,49
398,78
399,89
400,27
401,35
402,42
403,22
404,0
405,66
406,4
407,79
408,55
409,37
410,56
411,10
412,27
413,73
414,96
415,97
416,39
417,24
418,16
419,28
420,1
421,96
422,56
423,95
424,97
425,78
426,82
427,79
428,4
429,51
430,37
431,48
432,17
433,58
434,15
435,87
436,85
437,18
438,27
439,72
440,78
441,4
442,81
443,75
444,99
445,8
446,16
447,29
448,69
449,62
450,59
451,73
452,78
453,7
454,21
455,23
456,16
457,56
458,90
459,59
460,79
461,33
462,22
463,73
464,63
465,77
466,37
467,60
468,18
469,12
470,58
471,38
472,97
473,92
474,65
475,80
476,85
477,38
478,74
479,75
480,14
481,28
482,38
483,35
484,97
485,11
486,12
487,4
488,97
489,18
490,4
491,60
492,44
493,94
494,18
495,0
496,40
497,98
498,93
499,10
500,83
501,12
502,37
503,82
504,79
505,35
506,70
507,48
508,31
509,31
510,10
511,3
512,51
513,65
514,71
515,16
516,52
517,81
518,62
519,46
520,95
521,33
522,51
523,85
524,38
525,96
526,14
527,29
528,32
529,38
530,94
531,55
532,5
533,24
534,80
535,27
536,55
537,41
538,55
539,18
540,18
541,96
542,12
543,84
544,30
545,36
546,4
547,4
548,96
549,95
550,97
551,29
552,63
553,74
554,60
555,12
556,44
557,39
558,79
559,86
560,1
561,27
562,18
563,17
564,97
565,71
566,45
567,60
568,17
569,96
570,92
571,63
572,90
573,48
574,12
575,48
576,15
577,58
578,27
579,58
580,23
581,10
582,24
583,66
584,14
585,65
586,14
587,35
588,63
589,51
590,71
591,58
592,5
593,78
594,23
595,74
596,50
597,18
598,78
599,3
600,33
601,22
602,95
603,16
604,27
605,8
606,63
607,76
608,6
609,79
610,18
611,54
612,37
613,20
614,93
615,15
616,63
617,71
618,4
619,50
620,19
621,36
622,96
623,18
624,96
625,92
626,90
627,34
628,5
629,38
630,69
631,11
632,12
633,93
634,63
635,70
636,4
637,0
638,18
639,45
640,18
641,97
642,44
643,12
644,64
645,91
646,6
647,6
648,2
649,7
650,80
651,91
652,83
653,65
654,7
655,55
656,40
657,69
658,18
659,73
660,31
661,17
662,89
663,74
664,84
665,97
666,71
667,59
668,97
669,41
670,18
671,90
672,23
673,17
674,82
675,58
676,27
677,49
678,51
679,9
680,75
681,7
682,6
683,42
684,7
685,32
686,79
687,73
688,27
689,77
690,85
691,50
692,81
693,56
694,69
695,47
696,36
697,72
698,54
699,33
700,32
701,84
702,17
703,29
704,80
705,26
706,28
707,15
708,90
709,68
710,28
711,31
712,74
713,58
714,18
715,1
716,74
717,94
718,36
719,51
720,63
721,81
722,7
723,48
724,81
725,78
726,27
727,19
728,23
729,42
730,66
731,89
732,38
733,27
734,38
735,10
736,21
737,15
738,35
739,10
740,96
741,70
742,3
743,33
744,26
745,83
746,90
747,97
748,18
749,99
750,57
751,20
752,51
753,12
754,41
755,66
756,50
757,50
758,39
759,78
760,32
761,79
762,90
763,5
764,36
765,36
766,87
767,59
768,47
769,59
770,52
771,80
772,91
773,21
774,8
775,60
776,18
777,33
778,67
779,0
780,55
781,59
782,17
783,64
784,29
785,78
786,1
787,54
788,24
789,29
790,76
791,55
792,96
793,48
794,66
795,61
796,3
797,96
798,90
799,1
800,21
801,73
802,27
803,68
804,30
805,93
806,30
807,50
808,59
809,23
810,93
811,35
812,90
813,74
814,29
815,52
816,95
817,21
818,9
819,4
820,21
821,44
822,46
823,22
824,37
825,89
826,84
827,37
828,90
829,11
830,23
831,31
832,90
833,39
834,61
835,51
836,78
837,52
838,27
839,27
840,9
841,86
842,6
843,45
844,42
845,45
846,50
847,96
848,97
849,12
850,91
851,15
852,90
853,32
854,43
855,70
856,18
857,49
858,39
859,38
860,2
861,0
862,55
863,98
864,55
865,48
866,82
867,82
868,42
869,84
870,76
871,51
872,20
873,38
874,36
875,55
876,71
877,18
878,71
879,42
880,4
881,7
882,35
883,77
884,70
885,94
886,48
887,36
888,96
889,47
890,36
891,23
892,67
893,8
894,66
895,7
896,74
897,67
898,81
899,12
900,96
901,36
902,77
903,55
904,74
905,52
906,81
907,21
908,37
909,40
910,76
911,3
912,91
913,17
914,88
915,65
916,67
917,81
918,18
919,35
920,73
921,4
922,35
923,81
924,79
925,51
926,30
927,90
928,96
929,9
930,0
931,68
932,81
933,97
934,3
935,58
936,55
937,1
938,27
939,97
940,94
941,25
942,22
943,60
944,38
945,63
946,13
947,97
948,44
949,35
950,61
951,26
952,90
953,14
954,20
955,18
956,87
957,48
958,0
959,30
960,96
961,90
962,27
963,85
964,3
965,66
966,69
967,75
968,60
969,79
970,7
971,76
972,33
973,56
974,16
975,72
976,71
977,25
978,92
979,72
980,66
981,4
982,94
983,46
984,27
985,24
986,8
987,12
988,18
989,4
990,10
991,94
992,3
993,72
994,70
995,7
996,8
997,88
998,26
999,34
1000,95
1001,6
1002,73
1003,36
1004,89
1005,21
1006,87
1007,74
1008,20
1009,82
1010,25
1011,71
1012,85
1013,74
1014,60
1015,61
1016,11
1017,60
1018,71
1019,33
1020,45
1021,38
1022,91
1023,6
1024,19
1025,64
1026,39
1027,60
1028,5
1029,33
1030,96
1031,60
1032,41
1033,39
1034,96
1035,31
1036,42
1037,99
1038,8
1039,63
1040,79
1041,35
1042,6
1043,35
1044,55
1045,73
1046,45
1047,8
1048,86
1049,66
1050,33
1051,80
1052,1
1053,58
1054,35
1055,25
1056,58
1057,76
1058,36
1059,82
1060,8
1061,7
1062,4
1063,70
1064,98
1065,90
1066,37
1067,71
1068,68
1069,55
1070,6
1071,36
1072,4
1073,96
1074,71
1075,31
1076,27
1077,8
1078,90
1079,60
1080,56
1081,38
1082,90
1083,18
1084,94
1085,5
1086,12
1087,97
1088,7
1089,21
1090,85
1091,3
1092,77
1093,11
1094,41
1095,79
1096,68
1097,92
1098,27
1099,10
1100,18
1101,57
1102,4
1103,97
1104,8
1105,27
1106,74
1107,40
1108,97
1109,43
1110,56
1111,94
1112,63
1113,61
1114,60
1115,27
1116,38
1117,77
1118,16
1119,94
1120,93
1121,61
1122,69
1123,71
1124,26
1125,96
1126,27
1127,83
1128,77
1129,90
1130,96
1131,77
1132,46
1133,29
1134,31
1135,59
1136,76
1137,13
1138,54
1139,27
1140,87
1141,13
1142,37
1143,41
1144,9
1145,85
1146,29
1147,67
1148,0
1149,16
1150,41
1151,56
1152,59
1153,59
1154,10
1155,27
1156,86
1157,65
1158,96
1159,38
1160,8
1161,25
1162,97
1163,97
1164,27
1165,90
1166,41
1167,52
1168,66
1169,87
1170,4
1171,43
1172,50
1173,79
1174,96
1175,21
1176,29
1177,79
1178,48
1179,6
1180,53
1181,38
1182,45
1183,10
1184,43
1185,6
1186,94
1187,10
1188,5
1189,5
1190,82
1191,85
1192,86
1193,40
1194,29
1195,17
1196,4
1197,96
1198,3
1199,7
1200,68
1201,36
1202,18
1203,55
1204,97
1205,23
1206,26
1207,40
1208,62
1209,37
1210,43
1211,53
1212,20
1213,79
1214,38
1215,37
1216,32
1217,44
1218,96
1219,4
1220,27
1221,71
1222,21
1223,78
1224,18
1225,12
1226,40
1227,69
1228,77
1229,71
1230,25
1231,51
1232,77
1233,28
1234,21
1235,17
1236,79
1237,25
1238,97
1239,71
1240,73
1241,90
1242,35
1243,48
1244,20
1245,50
1246,96
1247,97
1248,36
1249,43
1250,85
1251,33
1252,96
1253,71
1254,12
1255,35
1256,99
1257,85
1258,32
1259,19
1260,85
1261,2
1262,37
1263,58
1264,75
1265,29
1266,58
1267,48
1268,38
1269,6
1270,94
1271,69
1272,4
1273,27
1274,27
1275,19
1276,75
1277,76
1278,23
1279,95
1280,26
1281,82
1282,63
1283,50
1284,65
1285,95
1286,90
1287,37
1288,66
1289,40
1290,4
1291,32
1292,67
1293,73
1294,17
1295,17
1296,30
1297,60
1298,41
1299,60
1300,71
1301,73
1302,67
1303,64
1304,65
1305,9
1306,45
1307,87
1308,9
1309,17
1310,22
1311,36
1312,57
1313,85
1314,35
1315,1
1316,99
1317,0
1318,85
1319,68
1320,49
1321,77
1322,71
1323,15
1324,97
1325,20
1326,20
1327,23
1328,57
1329,79
1330,84
1331,18
1332,51
1333,66
1334,63
1335,31
1336,78
1337,2
1338,19
1339,63
1340,49
1341,60
1342,38
1343,95
1344,34
1345,92
1346,31
1347,31
1348,94
1349,56
1350,85
1351,86
1352,38
1353,82
1354,30
1355,74
1356,76
1357,4
1358,37
1359,26
1360,52
1361,65
1362,73
1363,15
1364,5
1365,31
1366,11
1367,77
1368,91
1369,18
1370,45
1371,36
1372,97
1373,17
1374,24
1375,23
1376,96
1377,14
1378,65
1379,35
1380,42
1381,99
1382,50
1383,86
1384,93
1385,85
1386,60
1387,69
1388,9
1389,97
1390,60
1391,38
1392,34
1393,63
1394,79
1395,51
1396,75
1397,86
1398,80
1399,27
1400,40
1401,35
1402,19
1403,6
1404,17
1405,3
1406,40
1407,23
1408,88
1409,67
1410,71
1411,97
1412,35
1413,9
1414,35
1415,34
1416,79
1417,69
1418,69
1419,86
1420,87
1421,88
1422,97
1423,37
1424,60
1425,84
1426,18
1427,10
1428,29
1429,18
1430,33
1431,35
1432,71
1433,30
1434,12
1435,12
1436,42
1437,24
1438,47
1439,87
1440,74
1441,71
1442,55
1443,38
1444,6
1445,80
1446,69
1447,28
1448,27
1449,78
1450,25
1451,59
1452,37
1453,92
1454,22
1455,19
1456,96
1457,6
1458,0
1459,94
1460,82
1461,18
1462,38
1463,4
1464,74
1465,55
1466,74
1467,63
1468,97
1469,46
1470,78
1471,34
1472,39
1473,66
1474,70
1475,42
1476,12
1477,5
1478,41
1479,55
1480,24
1481,23
1482,39
1483,35
1484,25
1485,86
1486,61
1487,84
1488,42
1489,37
1490,26
1491,63
1492,79
1493,49
1494,65
1495,30
1496,79
1497,91
1498,84
1499,24
1500,5
1501,30
1502,68
1503,4
1504,32
1505,7
1506,3
1507,88
1508,83
1509,55
1510,16
1511,51
1512,36
1513,10
1514,95
1515,86
1516,53
1517,55
1518,19
1519,97
1520,12
1521,74
1522,92
1523,31
1524,71
1525,43
1526,67
1527,55
1528,18
1529,33
1530,45
1531,69
1532,64
1533,78
1534,85
1535,53
1536,31
1537,95
1538,63
1539,29
1540,85
1541,4
1542,96
1543,96
1544,27
1545,97
1546,67
1547,87
1548,30
1549,79
1550,88
1551,25
1552,84
1553,27
1554,21
1555,7
1556,12
1557,81
1558,96
1559,99
1560,90
1561,18
1562,60
1563,97
1564,66
1565,77
1566,36
1567,38
1568,88
1569,87
1570,88
1571,6
1572,9
1573,76
1574,48
1575,41
1576,98
1577,18
1578,70
1579,38
1580,50
1581,6
1582,50
1583,16
1584,91
1585,87
1586,0
1587,11
1588,80
1589,3
1590,33
1591,38
1592,85
1593,95
1594,70
1595,63
1596,1
1597,41
1598,90
1599,4
1600,47
1601,96
1602,54
1603,40
1604,76
1605,34
1606,95
1607,56
1608,61
1609,71
1610,89
1611,29
1612,3
1613,79
1614,42
1615,67
1616,66
1617,17
1618,84
1619,12
1620,69
1621,4
1622,55
1623,7
1624,51
1625,4
1626,78
1627,60
1628,57
1629,63
1630,78
1631,50
1632,51
1633,79
1634,92
1635,51
1636,43
1637,72
1638,79
1639,8
1640,28
1641,94
1642,95
1643,12
1644,60
1645,65
1646,5
1647,33
1648,97
1649,12
1650,59
1651,45
1652,81
1653,18
1654,67
1655,12
1656,86
1657,96
1658,14
1659,91
1660,41
1661,8
1662,71
1663,30
1664,30
1665,21
1666,81
1667,5
1668,5
1669,85
1670,97
1671,17
1672,20
1673,23
1674,82
1675,96
1676,55
1677,9
1678,36
1679,92
1680,38
1681,99
1682,18
1683,31
1684,91
1685,19
1686,65
1687,67
1688,21
1689,99
1690,44
1691,46
1692,57
1693,94
1694,88
1695,72
1696,73
1697,51
1698,20
1699,71
1700,75
1701,91
1702,39
1703,30
1704,37
1705,34
1706,71
1707,42
1708,90
1709,26
1710,24
1711,63
1712,32
1713,55
1714,9
1715,34
1716,80
1717,9
1718,22
1719,1
1720,60
1721,31
1722,66
1723,97
1724,79
1725,72
1726,1
1727,87
1728,0
1729,18
1730,66
1731,96
1732,97
1733,8
1734,85
1735,96
1736,41
1737,76
1738,37
1739,76
1740,3
1741,54
1742,80
1743,47
1744,41
1745,23
1746,71
1747,28
1748,79
1749,59
1750,22
1751,97
1752,10
1753,56
1754,63
1755,36
1756,97
1757,11
1758,77
1759,68
1760,6
1761,18
1762,85
1763,85
1764,59
1765,36
1766,59
1767,69
1768,9
1769,43
1770,67
1771,7
1772,47
1773,87
1774,61
1775,16
1776,87
1777,32
1778,70
1779,55
1780,55
1781,62
1782,76
1783,16
1784,55
1785,93
1786,42
1787,79
1788,80
1789,18
1790,12
1791,19
1792,69
1793,93
1794,43
1795,28
1796,85
1797,94
1798,42
1799,80
1800,55
1801,79
1802,30
1803,81
1804,42
1805,62
1806,84
1807,27
1808,55
1809,78
1810,79
1811,19
1812,55
1813,10
1814,56
1815,18
1816,30
1817,97
1818,10
1819,27
1820,73
1821,64
1822,69
1823,21
1824,17
1825,2
1826,18
1827,41
1828,36
1829,71
1830,0
1831,18
1832,65
1833,68
1834,6
1835,73
1836,26
1837,74
1838,28
1839,68
1840,79
1841,40
1842,92
1843,76
1844,67
1845,96
1846,28
1847,95
1848,83
1849,3
1850,4
1851,30
1852,79
1853,55
1854,76
1855,95
1856,26
1857,4
1858,70
1859,96
1860,38
1861,76
1862,99
1863,15
1864,36
1865,30
1866,55
1867,40
1868,39
1869,0
1870,63
1871,43
1872,64
1873,20
1874,95
1875,82
1876,51
1877,73
1878,61
1879,35
1880,29
1881,56
1882,71
1883,90
1884,6
1885,96
1886,79
1887,97
1888,5
1889,73
1890,63
1891,18
1892,83
1893,86
1894,60
1895,46
1896,60
1897,77
1898,19
1899,39
1900,93
1901,19
1902,82
1903,79
1904,20
1905,29
1906,55
1907,25
1908,14
1909,5
1910,55
1911,65
1912,96
1913,37
1914,68
1915,28
1916,88
1917,11
1918,79
1919,46
1920,90
1921,52
1922,14
1923,33
1924,63
1925,60
1926,22
1927,4
1928,49
1929,38
1930,77
1931,12
1932,81
1933,14
1934,60
1935,13
1936,58
1937,16
1938,92
1939,57
1940,81
1941,84
1942,97
1943,71
1944,99
1945,4
1946,11
1947,51
1948,97
1949,33
1950,42
1951,83
1952,57
1953,57
1954,4
1955,42
1956,17
1957,73
1958,27
1959,60
1960,90
1961,46
1962,19
1963,12
1964,18
1965,29
1966,0
1967,31
1968,12
1969,22
1970,60
1971,8
1972,17
1973,63
1974,16
1975,59
1976,90
1977,53
1978,90
1979,0
1980,94
1981,73
1982,73
1983,35
1984,6
1985,4
1986,73
1987,55
1988,22
1989,8
1990,37
1991,34
1992,67
1993,19
1994,21
1995,71
1996,22
1997,81
1998,80
1999,55
2000,71
2001,42
2002,62
2003,46
2004,91
2005,90
2006,15
2007,9
2008,66
2009,37
2010,69
2011,84
2012,79
2013,44
2014,71
2015,60
2016,62
2017,51
2018,50
2019,58
2020,83
2021,10
2022,55
2023,18
2024,21
2025,34
2026,45
2027,97
2028,91
2029,27
2030,24
2031,15
2032,55
2033,18
2034,64
2035,2
2036,74
2037,42
2038,33
2039,16
2040,84
2041,97
2042,51
2043,87
2044,45
2045,67
2046,35
2047,97
2048,17
2049,42
2050,18
2051,4
2052,64
2053,0
2054,53
2055,27
2056,6
2057,56
2058,91
2059,30
2060,37
2061,67
2062,24
2063,57
2064,50
2065,63
2066,98
2067,81
2068,35
2069,69
2070,3
2071,56
2072,77
2073,49
2074,55
2075,44
2076,24
2077,8
2078,0
2079,96
2080,97
2081,57
2082,77
2083,10
2084,57
2085,37
2086,88
2087,17
2088,31
2089,95
2090,64
2091,54
2092,91
2093,96
2094,5
2095,21
2096,37
2097,27
2098,38
2099,54
2100,6
2101,94
2102,33
2103,73
2104,99
2105,33
2106,58
2107,56
2108,94
2109,97
2110,55
2111,41
2112,11
2113,4
2114,4
2115,7
2116,71
2117,67
2118,24
2119,59
2120,21
2121,25
2122,27
2123,67
2124,95
2125,66
2126,79
2127,9
2128,97
2129,46
2130,97
2131,37
2132,4
2133,4
2134,24
2135,12
2136,62
2137,35
2138,52
2139,5
2140,91
2141,97
2142,29
2143,60
2144,4
2145,68
2146,85
2147,38
2148,12
2149,60
2150,61
2151,7
2152,71
2153,80
2154,30
2155,4
2156,32
2157,96
2158,91
2159,97
2160,0
2161,94
2162,39
2163,55
2164,50
2165,72
2166,62
2167,15
2168,39
2169,43
2170,84
2171,12
2172,55
2173,90
2174,33
2175,12
2176,15
2177,41
2178,12
2179,19
2180,64
2181,35
2182,74
2183,93
2184,55
2185,76
2186,26
2187,54
2188,5
2189,51
2190,12
2191,92
2192,44
2193,42
2194,76
2195,32
2196,30
2197,72
2198,84
2199,79
2200,7
2201,72
2202,29
2203,79
2204,3
2205,35
2206,40
2207,46
2208,18
2209,74
2210,96
2211,11
2212,51
2213,46
2214,60
2215,5
2216,4
2217,12
2218,26
2219,10
2220,12
2221,4
2222,51
2223,97
2224,17
2225,20
2226,71
2227,77
2228,79
2229,5
2230,50
2231,68
2232,36
2233,55
2234,29
2235,97
2236,76
2237,90
2238,71
2239,55
2240,12
2241,61
2242,15
2243,69
2244,4
2245,94
2246,50
2247,66
2248,64
2249,32
2250,19
2251,14
2252,39
2253,52
2254,52
2255,32
2256,38
2257,67
2258,71
2259,78
2260,96
2261,35
2262,76
2263,66
2264,44
2265,44
2266,27
2267,21
2268,18
2269,18
2270,22
2271,0
2272,69
2273,36
2274,59
2275,0
2276,26
2277,0
2278,28
2279,4
2280,17
2281,39
2282,88
2283,71
2284,58
2285,98
2286,74
2287,16
2288,1
2289,96
2290,9
2291,7
2292,90
2293,60
2294,98
2295,5
2296,63
2297,65
2298,85
2299,59
2300,6
2301,23
2302,96
2303,35
2304,90
2305,92
2306,30
2307,18
2308,85
2309,48
2310,33
2311,83
2312,49
2313,9
2314,4
2315,20
2316,11
2317,72
2318,55
2319,99
2320,87
2321,63
2322,65
2323,95
2324,84
2325,25
2326,32
2327,79
2328,18
2329,84
2330,59
2331,42
2332,10
2333,41
2334,42
2335,55
2336,95
2337,41
2338,65
2339,89
2340,84
2341,34
2342,78
2343,97
2344,44
2345,55
2346,45
2347,42
2348,48
2349,35
2350,44
2351,23
2352,42
2353,73
2354,68
2355,35
2356,93
2357,40
2358,9
2359,63
2360,7
2361,63
2362,79
2363,51
2364,61
2365,0
2366,66
2367,94
2368,82
2369,31
2370,85
2371,97
2372,18
2373,49
2374,4
2375,75
2376,21
2377,4
2378,52
2379,96
2380,1
2381,57
2382,60
2383,9
2384,66
2385,50
2386,18
2387,3
2388,10
2389,18
2390,87
2391,42
2392,69
2393,67
2394,12
2395,82
2396,49
2397,83
2398,71
2399,27
2400,80
2401,42
2402,55
2403,74
2404,36
2405,82
2406,69
2407,63
2408,42
2409,26
2410,69
2411,5
2412,62
2413,40
2414,33
2415,66
2416,59
2417,7
2418,51
2419,5
2420,74
2421,65
2422,72
2423,65
2424,74
2425,45
2426,86
2427,70
2428,93
2429,8
2430,51
2431,16
2432,77
2433,25
2434,4
2435,64
2436,14
2437,55
2438,69
2439,50
2440,12
2441,89
2442,82
2443,56
2444,97
2445,11
2446,68
2447,59
2448,40
2449,16
2450,64
2451,59
2452,63
2453,80
2454,97
2455,79
2456,41
2457,17
2458,40
2459,38
2460,55
2461,88
2462,44
2463,35
2464,54
2465,65
2466,18
2467,83
2468,87
2469,39
2470,37
2471,77
2472,12
2473,17
2474,81
2475,60
2476,67
2477,79
2478,26
2479,68
2480,74
2481,49
2482,97
2483,46
2484,76
2485,45
2486,75
2487,42
2488,36
2489,36
2490,8
2491,6
2492,96
2493,96
2494,52
2495,37
2496,75
2497,78
2498,23
2499,93
2500,25
2501,12
2502,51
2503,2
2504,27
2505,87
2506,36
2507,42
2508,26
2509,57
2510,71
2511,11
2512,79
2513,66
2514,68
2515,45
2516,84
2517,4
2518,67
2519,1
2520,96
2521,56
2522,69
2523,36
2524,61
2525,59
2526,70
2527,95
2528,13
2529,67
2530,36
2531,12
2532,6
2533,77
2534,29
2535,39
2536,26
2537,51
2538,31
2539,35
2540,30
2541,60
2542,16
2543,74
2544,2
2545,59
2546,6
2547,38
2548,5
2549,7
2550,61
2551,74
2552,60
2553,18
2554,72
2555,40
2556,41
2557,56
2558,78
2559,46
2560,51
2561,70
2562,40
2563,51
2564,50
2565,27
2566,56
2567,58
2568,67
2569,72
2570,10
2571,73
2572,33
2573,82
2574,7
2575,11
2576,84
2577,67
2578,4
2579,45
2580,2
2581,75
2582,9
2583,43
2584,38
2585,76
2586,41
2587,56
2588,97
2589,50
2590,70
2591,7
2592,51
2593,18
2594,12
2595,4
2596,37
2597,57
2598,76
2599,96
2600,24
2601,72
2602,42
2603,29
2604,89
2605,8
2606,80
2607,49
2608,73
2609,0
2610,21
2611,25
2612,31
2613,55
2614,20
2615,23
2616,26
2617,97
2618,45
2619,15
2620,17
2621,46
2622,50
2623,83
2624,53
2625,97
2626,12
2627,78
2628,57
2629,80
2630,63
2631,80
2632,84
2633,86
2634,75
2635,9
2636,33
2637,16
2638,90
2639,49
2640,31
2641,46
2642,51
2643,10
2644,72
2645,76
2646,94
2647,6
2648,12
2649,96
2650,42
2651,55
2652,45
2653,10
2654,31
2655,40
2656,96
2657,4
2658,74
2659,12
2660,33
2661,25
2662,20
2663,0
2664,81
2665,75
2666,43
2667,55
2668,36
2669,55
2670,0
2671,73
2672,35
2673,15
2674,25
2675,27
2676,71
2677,0
2678,83
2679,17
2680,39
2681,32
2682,34
2683,12
2684,75
2685,38
2686,36
2687,0
2688,50
2689,50
2690,1
2691,18
2692,49
2693,74
2694,9
2695,94
2696,26
2697,79
2698,46
2699,99
2700,50
2701,30
2702,60
2703,73
2704,6
2705,49
2706,59
2707,85
2708,30
2709,59
2710,59
2711,73
2712,97
2713,0
2714,27
2715,6
2716,10
2717,2
2718,2
2719,15
2720,4
2721,75
2722,97
2723,81
2724,46
2725,37
2726,79
2727,84
2728,4
2729,4
2730,60
2731,10
2732,88
2733,4
2734,54
2735,98
2736,38
2737,83
2738,5
2739,23
2740,23
2741,15
2742,4
2743,82
2744,64
2745,74
2746,57
2747,78
2748,36
2749,90
2750,73
2751,53
2752,6
2753,55
2754,55
2755,28
2756,50
2757,84
2758,46
2759,20
2760,94
2761,96
2762,45
2763,21
2764,3
2765,60
2766,82
2767,77
2768,80
2769,86
2770,12
2771,55
2772,33
2773,95
2774,5
2775,48
2776,10
2777,90
2778,31
2779,91
2780,21
2781,74
2782,92
2783,73
2784,68
2785,94
2786,21
2787,97
2788,12
2789,35
2790,10
2791,15
2792,74
2793,27
2794,39
2795,73
2796,25
2797,43
2798,6
2799,69
2800,63
2801,97
2802,94
2803,99
2804,34
2805,79
2806,8
2807,60
2808,25
2809,79
2810,16
2811,69
2812,36
2813,6
2814,75
2815,78
2816,40
2817,87
2818,75
2819,19
2820,80
2821,12
2822,36
2823,69
2824,8
2825,78
2826,35
2827,96
2828,44
2829,25
2830,95
2831,73
2832,16
2833,55
2834,93
2835,47
2836,84
2837,85
2838,33
2839,56
2840,65
2841,10
2842,57
2843,49
2844,38
2845,60
2846,76
2847,10
2848,59
2849,67
2850,62
2851,90
2852,75
2853,24
2854,55
2855,34
2856,87
2857,0
2858,31
2859,50
2860,85
2861,74
2862,97
2863,59
2864,27
2865,58
2866,35
2867,36
2868,86
2869,55
2870,66
2871,97
2872,72
2873,4
2874,84
2875,74
2876,92
2877,7
2878,38
2879,39
2880,87
2881,97
2882,44
2883,7
2884,46
2885,49
2886,72
2887,36
2888,74
2889,90
2890,76
2891,40
2892,82
2893,18
2894,74
2895,37
2896,15
2897,96
2898,74
2899,71
2900,97
2901,51
2902,14
2903,58
2904,7
2905,62
2906,46
2907,80
2908,63
2909,55
2910,33
2911,94
2912,11
2913,90
2914,96
2915,16
2916,26
2917,96
2918,21
2919,0
2920,16
2921,83
2922,32
2923,31
2924,65
2925,48
2926,42
2927,90
2928,4
2929,56
2930,38
2931,18
2932,60
2933,5
2934,85
2935,75
2936,65
2937,99
2938,55
2939,81
2940,38
2941,76
2942,83
2943,47
2944,71
2945,59
2946,32
2947,7
2948,18
2949,13
2950,95
2951,73
2952,4
2953,46
2954,92
2955,71
2956,40
2957,85
2958,18
2959,59
2960,1
2961,57
2962,94
2963,37
2964,92
2965,24
2966,40
2967,73
2968,73
2969,56
2970,98
2971,56
2972,48
2973,38
2974,1
2975,27
2976,97
2977,94
2978,10
2979,62
2980,60
2981,7
2982,1
2983,59
2984,97
2985,25
2986,0
2987,78
2988,84
2989,28
2990,61
2991,94
2992,96
2993,81
2994,1
2995,99
2996,96
2997,13
2998,75
2999,87
3000,92
